waypoints:
- lat: -7.286457468002645
  lon: 112.7959978580475
- lat: -7.286570541307994
  lon: 112.7960689365864
- lat: -7.286710220057551
  lon: 112.79606357216836
